$ 1 0.005 45.7144713268909 50 5 43 5e-11
165 240 176 320 176 6 4.999999999906796
r 128 208 128 80 0 1000000
w 128 80 304 80 0
w 304 80 304 144 0
R 304 80 304 48 0 0 40 5 0 0 0.5
r 128 208 128 304 0 1000000
w 240 272 192 272 0
w 192 272 192 304 0
w 192 304 240 304 0
w 192 304 128 304 0
w 128 208 240 208 0
w 128 304 80 304 0
c 128 304 128 368 0 0.00009999999999999999 0.0024987506246876754 0.001
w 304 80 416 80 0
w 416 80 416 208 0
w 368 208 416 208 0
c 304 336 304 400 0 1e-8 3.333333333333333 0.001
w 128 368 224 368 0
w 224 368 224 400 0
w 224 400 304 400 0
g 128 368 128 400 0 0
w 304 400 336 400 0
w 336 336 368 336 0
w 368 336 368 400 0
w 336 400 368 400 0
d 480 240 368 240 2 default
R 480 96 480 48 0 0 40 3.3 0 0 0.5
O 480 240 576 208 0 0
r 480 96 480 144 0 330
g -48 304 -48 352 0 0
162 480 192 480 240 2 default-led 1 0 0 0.01
w 480 144 480 192 1
w 32 304 80 304 3
r 32 304 -48 304 0 1000
o 27 64 0 4098 10.000012109962597 0.0001 0 1
