$ 1 0.000005 10.20027730826997 50 5 50 5e-11
r 1056 320 1056 464 0 5
w 928 320 1056 320 3
w 928 464 656 464 0
O 1264 320 1376 256 1 0
v 656 464 656 320 0 1 50 5 0 0 0.5
r 656 320 816 320 0 73
r 1056 320 1264 320 0 1000
c 1264 320 1264 464 0 1.0000000000000001e-7 0.022606605276461987 0.001
w 1056 464 1264 464 0
w 816 320 928 320 3
r 928 320 928 464 0 1693
w 928 464 1056 464 0
o 1 64 0 4098 0.625 0.2 0 2 1 3
o 1 64 0 4097 1.25 0.1 1 2 1 3
o 10 64 0 4099 1.25 0.00078125 2 2 10 3
o 0 64 0 4099 1.25 0.1 3 2 0 3
